0
0.6131483316421509
0.713078498840332
0.7547304630279541
0.7745752334594727
0.7845672965049744
0.7928110361099243
0.8146328926086426
0.828363835811615
0.8471035957336426
0.8494964838027954
0.8553160429000854
0.864343523979187
0.8643475770950317
0.8810604214668274
0.8857021331787109
0.9140307903289795
0.9129432439804077
0.9291658401489258
0.9487102031707764
0.9719368815422058
1.0
1.0
1.0
1.0
1.0
1.0
1.0
1.0
1.0
1.0
1.0
1.0
1.0
1.0
1.0
1.0
1.0
1.0
1.0
1.0
1.0
1.0
1.0
1.0
1.0
1.0
1.0
1.0
1.0
1.0
1.0
1.0
1.0
1.0
1.0
1.0
1.0
1.0
1.0
1.0
1.0
1.0
1.0
1.0
1.0
1.0
1.0
1.0
1.0
1.0
1.0
1.0
1.0
1.0
1.0
