-0.00024330615997314453
0.5696721076965332
0.6693668365478516
0.7208607196807861
0.751679003238678
0.7802404165267944
0.7930482625961304
0.8115043044090271
0.8283231258392334
0.8439739942550659
0.8591749668121338
0.873799741268158
0.8902357816696167
0.9023111462593079
0.9144277572631836
0.9314274191856384
0.9449746608734131
0.9590004086494446
0.970833957195282
0.98369961977005
0.9935179948806763
0.9974489212036133
0.9986894130706787
0.9992200136184692
0.9994857907295227
0.9995916485786438
0.9996577501296997
0.9997047781944275
0.9997308254241943
0.9997695088386536
0.9997888803482056
0.9998044371604919
0.9998038411140442
0.9998191595077515
0.9998326301574707
0.9998398423194885
0.9998478293418884
0.9998493194580078
0.9998519420623779
0.9998549222946167
0.9998666644096375
0.9998692870140076
0.9998683929443359
0.9998843669891357
0.9998767375946045
0.9998751282691956
0.9998866319656372
0.999883770942688
0.999881386756897
0.999883770942688
0.9998915791511536
0.9984411597251892
0.9963427186012268
0.993806004524231
0.990718424320221
0.9882857203483582
0.9863317012786865
0.9839314222335815
0.9821334481239319
0.9800158739089966
0.9786602258682251
0.9764991998672485
0.9752368927001953
0.9746177792549133
0.9740170836448669
0.9719728231430054
0.9704964756965637
0.9702017307281494
0.9684557318687439
0.9661690592765808
0.965206503868103
0.9625094532966614
0.9620307087898254
0.9597150087356567
0.9577901363372803
0.9573605060577393
