-0.00024318695068359375
0.5696721076965332
0.6693668365478516
0.7208607196807861
0.751679003238678
0.7802404165267944
0.7930482625961304
0.8115043044090271
0.8283231258392334
0.8439739942550659
0.8591749668121338
0.873799741268158
0.8902357816696167
0.9023111462593079
0.9144277572631836
0.9314274191856384
0.9449746608734131
0.9590004086494446
0.9708340167999268
0.98369961977005
0.7614188194274902
0.8217964768409729
0.8520841598510742
0.8884533047676086
0.9177463054656982
0.9289628267288208
0.9435583353042603
0.9469699859619141
0.9551344513893127
0.9614388346672058
0.9344986081123352
0.9360178709030151
0.9466965794563293
0.9517366886138916
0.9567471742630005
0.9609546661376953
0.9599665403366089
0.9634764790534973
0.9682256579399109
0.9692684412002563
0.9593676924705505
0.9592540264129639
0.9638590216636658
0.9637655019760132
0.967683732509613
0.9681550860404968
0.9713326096534729
0.9700009822845459
0.9731720685958862
0.9727190136909485
0.9673342108726501
0.9592006206512451
0.9613209962844849
0.9623687863349915
0.9571161270141602
0.9585350155830383
0.9548410773277283
0.9553929567337036
0.9529382586479187
0.9506759643554688
0.9415276646614075
0.9358181357383728
0.9358879327774048
0.9342172741889954
0.9333064556121826
0.9319170117378235
0.9285622239112854
0.9298267960548401
0.9259109497070312
0.9278931021690369
0.9152887463569641
0.9076803922653198
0.9108638763427734
0.9078280329704285
0.9074875116348267
0.9076725244522095
