-0.03234124183654785
0.8602657318115234
0.8990957736968994
0.9234843254089355
0.9255216717720032
0.9378408193588257
0.934563159942627
0.9322365522384644
0.9303023219108582
0.9599223136901855
0.9351850748062134
0.9445606470108032
0.9599923491477966
0.9577711820602417
0.9563223719596863
0.9686000347137451
0.9684481620788574
0.9794079661369324
0.9825326204299927
0.9926853775978088
0.9960150718688965
0.9974936842918396
0.9990265965461731
0.9988939762115479
0.9995751976966858
0.999550461769104
0.9995977282524109
0.9997114539146423
0.9995507001876831
0.9996954202651978
0.9995809197425842
0.9995800256729126
0.999614953994751
0.9997541904449463
0.9997602105140686
0.9997678995132446
0.9998199343681335
0.9998190402984619
0.99983811378479
0.9997802972793579
0.9997798800468445
0.9997866749763489
0.9997904300689697
0.9997909069061279
0.9998242259025574
0.9997313618659973
0.9998409748077393
0.9998108148574829
0.9997705817222595
0.999817967414856
0.9998040795326233
0.9989896416664124
0.997672975063324
0.9959992170333862
0.9944678544998169
0.9895132184028625
0.9869905114173889
0.9880374073982239
0.9859638810157776
0.9899113774299622
0.9856917858123779
0.9813224077224731
0.9797667264938354
0.9816176295280457
0.9778691530227661
0.9801974296569824
0.9779715538024902
0.9835997819900513
0.9767561554908752
0.9768562912940979
0.9807815551757812
0.9655987024307251
0.9726446866989136
0.9749827980995178
0.9755882620811462
0.9762865900993347
