-0.005455136299133301
0.2837671637535095
0.38829559087753296
0.422127366065979
0.46207118034362793
0.5128765106201172
0.5333876609802246
0.5606319308280945
0.5608891844749451
0.5648777484893799
0.53223717212677
0.5031588077545166
0.47403615713119507
0.4674636721611023
0.4042794704437256
0.4034872055053711
0.39958804845809937
0.38645195960998535
0.4083719253540039
0.41328316926956177
0.4152911305427551
0.5099378824234009
0.5104872584342957
0.5621069669723511
0.5630217790603638
0.5951130390167236
0.6056196093559265
0.6141300201416016
0.6246516704559326
0.6613389253616333
0.6616206169128418
0.6663646697998047
0.6682029962539673
0.677228569984436
0.6643377542495728
0.6677058935165405
0.699187159538269
0.7027447819709778
0.6890368461608887
0.7020962238311768
0.7082189917564392
0.718297004699707
0.7078830003738403
0.7195228338241577
0.733733057975769
0.7323489189147949
0.738023042678833
0.7286096811294556
0.7280906438827515
0.7321841716766357
0.7528020739555359
0.6112780570983887
0.6350263357162476
0.6484620571136475
0.6733185052871704
0.6783976554870605
0.6757441759109497
0.6736775636672974
0.6701375246047974
0.667776346206665
0.6715827584266663
0.6757864952087402
0.6758444309234619
0.6745078563690186
0.6687026619911194
0.6712076663970947
0.6640235185623169
0.6728342771530151
0.6751923561096191
0.6678884029388428
0.6754435300827026
0.6571524739265442
0.6852363348007202
0.6641017198562622
0.679184079170227
0.6838221549987793
