-0.0042018890380859375
0.6625604033470154
0.7418079376220703
0.7842616438865662
0.8030513525009155
0.8202597498893738
0.8301414847373962
0.8505972623825073
0.865703284740448
0.8877824544906616
0.8892677426338196
0.8982396125793457
0.9132729172706604
0.9225754141807556
0.9365828633308411
0.944896936416626
0.9554603695869446
0.9680419564247131
0.9776474237442017
0.9879356622695923
0.9948654174804688
0.9978153109550476
0.9989801049232483
0.9993985891342163
0.9995482563972473
0.9996412396430969
0.9997217059135437
0.999752402305603
0.9997854232788086
0.9998058080673218
0.9998147487640381
0.9998337626457214
0.9998448491096497
0.9998501539230347
0.9998594522476196
0.9998631477355957
0.9998692274093628
0.999873161315918
0.9998742341995239
0.9998805522918701
0.9998865127563477
0.9998910427093506
0.9998940825462341
0.9998940229415894
0.99989253282547
0.9998965859413147
0.9998998641967773
0.9998994469642639
0.9999032616615295
0.9999018907546997
0.9999052882194519
0.9986909627914429
0.9968252182006836
0.994759202003479
0.9924325942993164
0.9901126623153687
0.9885451793670654
0.9864060282707214
0.9850960969924927
0.983837366104126
0.9821269512176514
0.9801140427589417
0.9788363575935364
0.9782348275184631
0.9770181775093079
0.9759220480918884
0.97496497631073
0.9741266965866089
0.9735764861106873
0.9721353650093079
0.9699500799179077
0.968845009803772
0.9677243232727051
0.9660009145736694
0.9641003608703613
0.9629951119422913
