-0.03438162803649902
0.4313321113586426
0.5166527032852173
0.5555143356323242
0.5951482057571411
0.6038919687271118
0.6243389844894409
0.6309685707092285
0.6565070152282715
0.6752101182937622
0.6906118988990784
0.7060370445251465
0.72638338804245
0.7446342706680298
0.7704144716262817
0.7929951548576355
0.8246612548828125
0.8534519076347351
0.8847637176513672
0.9321072697639465
0.9646934270858765
0.9837511777877808
0.9911295175552368
0.9945911169052124
0.9964063763618469
0.9968517422676086
0.9976631999015808
0.9980069994926453
0.9981119632720947
0.9984546899795532
0.998589813709259
0.9986625909805298
0.9987837076187134
0.9987729787826538
0.9988552927970886
0.9989463686943054
0.9989777207374573
0.9990768432617188
0.9990268349647522
0.9991070032119751
0.999111533164978
0.99918532371521
0.9992067217826843
0.9992292523384094
0.9992709755897522
0.9992789626121521
0.9993031024932861
0.9992978572845459
0.9992925524711609
0.9993136525154114
0.9993302822113037
0.9960151314735413
0.9925367832183838
0.9883422255516052
0.9831820130348206
0.9805601835250854
0.977205216884613
0.971968412399292
0.9683429598808289
0.9672885537147522
0.9617979526519775
0.958829939365387
0.9562544822692871
0.9540080428123474
0.9513721466064453
0.9470676183700562
0.9481469988822937
0.9438549876213074
0.9424141645431519
0.9404312372207642
0.9394763112068176
0.9372321963310242
0.9330291748046875
0.9346013069152832
0.9289680123329163
0.9312936067581177
