0
0.5992245674133301
0.7105762362480164
0.7417765855789185
0.7760422229766846
0.7890456318855286
0.8037416934967041
0.8093631863594055
0.8325060606002808
0.8351436853408813
0.8506581783294678
0.8523542284965515
0.865822434425354
0.8631817698478699
0.871071457862854
0.8778171539306641
0.912529468536377
0.9095673561096191
0.9256538152694702
0.9486818909645081
0.9694159626960754
1.0
1.0
1.0
1.0
1.0
1.0
1.0
1.0
1.0
1.0
1.0
1.0
1.0
1.0
1.0
1.0
1.0
1.0
1.0
1.0
1.0
1.0
1.0
1.0
1.0
1.0
1.0
1.0
1.0
1.0
1.0
1.0
1.0
1.0
1.0
1.0
1.0
1.0
1.0
1.0
1.0
1.0
1.0
1.0
1.0
1.0
1.0
1.0
1.0
1.0
1.0
1.0
1.0
1.0
1.0
