-0.0522465705871582
0.6438251733779907
0.7277578115463257
0.780840277671814
0.6965893507003784
0.8326426148414612
0.8701672554016113
0.7973568439483643
0.8540005683898926
0.8751609921455383
0.8623983860015869
0.7191221714019775
0.7339377403259277
0.8483568429946899
0.8400437831878662
0.6915834546089172
0.7877737283706665
0.7214088439941406
0.6233299970626831
0.5688472986221313
0.31700068712234497
0.2689712643623352
0.3711004853248596
0.8042571544647217
0.8263977766036987
0.7437276840209961
0.7867201566696167
0.7606909871101379
0.826754629611969
0.9144018292427063
0.8911899328231812
0.8824454545974731
0.9139901995658875
0.8687893748283386
0.9010535478591919
0.9145397543907166
0.9030004143714905
0.9049091339111328
0.9069687724113464
0.9246684908866882
0.9585736989974976
0.9341234564781189
0.9152490496635437
0.9060132503509521
0.8897658586502075
0.9332529902458191
0.9197642803192139
0.9362295269966125
0.9488932490348816
0.9111689329147339
0.9296449422836304
0.9420219659805298
0.9350419044494629
0.9351364374160767
0.9475522637367249
0.9083967208862305
0.8980977535247803
0.9392175674438477
0.86159348487854
0.90898597240448
0.9027886390686035
0.9078091979026794
0.9089889526367188
0.9089696407318115
0.9304817318916321
0.87477707862854
0.8716530799865723
0.91108638048172
0.8840451240539551
0.9201620221138
0.8850570917129517
0.820253849029541
0.8676002025604248
0.8242401480674744
0.9086077809333801
0.8545970916748047
