-0.0522465705871582
0.6438251733779907
0.7277578115463257
0.780840277671814
0.6965893507003784
0.8326426148414612
0.8701672554016113
0.7973568439483643
0.8540005683898926
0.8751609921455383
0.8954599499702454
0.8498268127441406
0.8824983835220337
0.9315025210380554
0.9130847454071045
0.9443086385726929
0.9575732350349426
0.9562755823135376
0.9750689268112183
0.9884338974952698
0.8332045674324036
0.7836606502532959
0.6917293071746826
0.8533033728599548
0.9100015163421631
0.9703581929206848
0.9634016752243042
0.924394965171814
0.9469486474990845
0.982824444770813
0.9450393915176392
0.9279230833053589
0.9662089943885803
0.9605776071548462
0.9703641533851624
0.9361943602561951
0.9642655253410339
0.9681801795959473
0.9747717380523682
0.9816399216651917
0.9731132984161377
0.9594492316246033
0.9441239833831787
0.9720191359519958
0.9716943502426147
0.9797328114509583
0.9725286364555359
0.9646795392036438
0.9761998653411865
0.9789181351661682
0.9676970839500427
0.9800362586975098
0.9557479619979858
0.9439792633056641
0.9750635623931885
0.9679187536239624
0.977965772151947
0.9568326473236084
0.9372683763504028
0.9700068235397339
0.9430438280105591
0.93650221824646
0.9496734738349915
0.9479770064353943
0.9407036900520325
0.9444818496704102
0.953144371509552
0.9395684599876404
0.9388737082481384
0.9364949464797974
0.9097957015037537
0.9119433164596558
0.9380607008934021
0.9044912457466125
0.9134654402732849
0.8882174491882324
