-0.0522465705871582
0.6438251733779907
0.7277578115463257
0.780840277671814
0.6965893507003784
0.8326426148414612
0.8701672554016113
0.7973568439483643
0.8540005683898926
0.8751609921455383
0.8954599499702454
0.8498268127441406
0.8824983835220337
0.9315025210380554
0.9130847454071045
0.9443086385726929
0.9575732350349426
0.9562755823135376
0.9750689268112183
0.9884338974952698
0.9962515830993652
0.9970362782478333
0.9992231130599976
0.9989612102508545
0.9996704459190369
0.9997761249542236
0.9996530413627625
0.9997765421867371
0.9998090863227844
0.9997842311859131
0.9997443556785583
0.9997999668121338
0.9998229742050171
0.9997788667678833
0.9998540878295898
0.9998183250427246
0.9998641014099121
0.999880313873291
0.9999136924743652
0.9998801946640015
0.99991375207901
0.9998412132263184
0.9998827576637268
0.9998580813407898
0.9999001026153564
0.9998832941055298
0.999862015247345
0.9999002814292908
0.9998571276664734
0.9999030232429504
0.9999148845672607
0.9988185167312622
0.9960249662399292
0.9954050779342651
0.9946585893630981
0.9904224872589111
0.9848304986953735
0.9827139377593994
0.9746336936950684
0.9806556701660156
0.9721081256866455
0.9704526662826538
0.9663708209991455
0.983102023601532
0.9776548147201538
0.9748568534851074
0.9656205773353577
0.9720039963722229
0.972297728061676
0.973098635673523
0.9559564590454102
0.9540328979492188
0.9494976997375488
0.9505085349082947
0.9545771479606628
0.9511456489562988
