-0.018816351890563965
0.5987146496772766
0.6919307708740234
0.7356271743774414
0.7570598721504211
0.7809387445449829
0.80926513671875
0.8187991380691528
0.8360569477081299
0.8484250903129578
0.8702019453048706
0.8827495574951172
0.8925473690032959
0.9084919691085815
0.9259190559387207
0.9357224702835083
0.9470579624176025
0.9604399800300598
0.9731582999229431
0.9845514893531799
0.9932407140731812
0.9970527291297913
0.9984786510467529
0.999057948589325
0.9993062019348145
0.9994363188743591
0.99953693151474
0.9996218681335449
0.9996641874313354
0.9996798038482666
0.9997217059135437
0.9996826648712158
0.999754786491394
0.9997671842575073
0.9997860789299011
0.9997932314872742
0.9997824430465698
0.9998022317886353
0.9997997879981995
0.9998084902763367
0.9997663497924805
0.999828040599823
0.9998352527618408
0.9998356699943542
0.9998444318771362
0.999833881855011
0.999825656414032
0.9998447895050049
0.9998262524604797
0.99985271692276
0.9998555183410645
0.997204601764679
0.9950525760650635
0.9928264617919922
0.9895893931388855
0.9865589737892151
0.9844849109649658
0.9825793504714966
0.979990541934967
0.9787888526916504
0.9773242473602295
0.9771377444267273
0.9739898443222046
0.9740017652511597
0.9740526080131531
0.9724979996681213
0.9718140959739685
0.9699048399925232
0.9702867269515991
0.9687138795852661
0.9694663286209106
0.9689179062843323
0.9670698046684265
0.9658557772636414
0.9684252738952637
0.9660730957984924
