-0.021906614303588867
0.649809718132019
0.7375852465629578
0.7769181728363037
0.8092390298843384
0.8265299201011658
0.8421083688735962
0.8525436520576477
0.8664363622665405
0.8753434419631958
0.8912538290023804
0.903483510017395
0.9162956476211548
0.9261800646781921
0.9368265867233276
0.9469413161277771
0.956140398979187
0.9673079252243042
0.9785789251327515
0.9882351160049438
0.9952007532119751
0.9978283047676086
0.9989492893218994
0.9993727207183838
0.9995474219322205
0.9996603727340698
0.9997305274009705
0.9997576475143433
0.999791145324707
0.9998066425323486
0.9998176693916321
0.9998375177383423
0.9998465180397034
0.99985671043396
0.9998595118522644
0.9998655915260315
0.9998679757118225
0.9998775124549866
0.999882161617279
0.9998873472213745
0.9998884797096252
0.9998894929885864
0.9998963475227356
0.9998986721038818
0.9998948574066162
0.9999005198478699
0.9998992681503296
0.9999058246612549
0.9999063611030579
0.9999087452888489
0.9999062418937683
0.9986128211021423
0.9968041777610779
0.9945438504219055
0.9924737215042114
0.9901897311210632
0.9881690144538879
0.9860509037971497
0.9849966168403625
0.9830354452133179
0.9817861914634705
0.9812194108963013
0.9799346327781677
0.9797073006629944
0.9781565070152283
0.9776382446289062
0.9775941967964172
0.9752289056777954
0.974272608757019
0.9724211692810059
0.9730477333068848
0.9709843993186951
0.9692398905754089
0.9685708284378052
0.9693551063537598
0.9656928777694702
