-0.008376121520996094
0.2909684181213379
0.4131963849067688
0.46452194452285767
0.5014375448226929
0.5053080320358276
0.5319284796714783
0.5601764917373657
0.5851468443870544
0.5527764558792114
0.5286434292793274
0.5163335800170898
0.4527861475944519
0.41466224193573
0.35613489151000977
0.35384565591812134
0.3526109457015991
0.3380659222602844
0.3809783458709717
0.43456608057022095
0.4389514923095703
0.45794761180877686
0.5105667114257812
0.5542278289794922
0.5685927867889404
0.5930757522583008
0.6121121644973755
0.63279128074646
0.6357088088989258
0.6533768177032471
0.6698490381240845
0.6580591201782227
0.6958446502685547
0.6901848316192627
0.6790435910224915
0.6936250925064087
0.7008981704711914
0.6812815070152283
0.6920298337936401
0.7175463438034058
0.7191920280456543
0.7188162803649902
0.7182448506355286
0.7296503782272339
0.7307736277580261
0.7363884449005127
0.7471196055412292
0.7287222146987915
0.7315840721130371
0.7373307943344116
0.745187520980835
0.6233808994293213
0.6545538902282715
0.6674411296844482
0.6738855838775635
0.6635356545448303
0.673126757144928
0.6808719635009766
0.67796790599823
0.6904181838035583
0.680448055267334
0.6810610294342041
0.6748813390731812
0.6726206541061401
0.684691309928894
0.6686973571777344
0.6881222724914551
0.6746488809585571
0.6848809719085693
0.7036051750183105
0.6851284503936768
0.7074646353721619
0.6982733011245728
0.6876541376113892
0.6899160146713257
0.6995363235473633
