-0.0013899803161621094
-0.06068837642669678
-0.12187027931213379
-0.14317893981933594
-0.2061614990234375
-0.22554731369018555
-0.2784996032714844
-0.3164494037628174
-0.3788512945175171
-0.4705086946487427
-0.4281747341156006
-0.5384043455123901
-0.5760998725891113
-0.9013211727142334
-0.9737472534179688
-0.9844092130661011
-1.0616793632507324
-1.1345064640045166
-1.1338694095611572
-1.2167644500732422
-1.3749849796295166
-1.1723239421844482
-1.238835096359253
-1.0754380226135254
-1.1362717151641846
-1.0576984882354736
-1.0263125896453857
-0.8107492923736572
-0.890380859375
-0.784865140914917
-0.8017628192901611
-0.7191447019577026
-0.7839380502700806
-0.7917990684509277
-0.6393594741821289
-0.7287005186080933
-0.6477148532867432
-0.6128488779067993
-0.6391937732696533
-0.6157125234603882
-0.6712162494659424
-0.6495411396026611
-0.6876803636550903
-0.687984824180603
-0.6993004083633423
-0.683455228805542
-0.6685574054718018
-0.814496636390686
-0.7950839996337891
-0.7933096885681152
-0.824769139289856
-0.8392734527587891
-0.8919068574905396
-0.8280725479125977
-0.764324426651001
-0.8335193395614624
-0.7391327619552612
-0.7438431978225708
-0.7098212242126465
-0.6821887493133545
-0.7700984477996826
-0.8047597408294678
-0.7575026750564575
-0.7040395736694336
-0.681075930595398
-0.7464293241500854
-0.7669175863265991
-0.7061679363250732
-0.7358574867248535
-0.6897307634353638
-0.647540807723999
-0.6750946044921875
-0.652633786201477
-0.7321101427078247
-0.6404229402542114
-0.6737427711486816
