5.477199138681499e-05
2.9218677477516053e-06
1.1681067007884849e-05
1.5444567225131323e-05
6.549026210223019e-05
2.941411281209838e-05
4.765172718634858e-05
1.8195403517218267e-05
5.270665015544296e-06
5.642363465341305e-05
7.244621569313381e-06
7.794754425249906e-05
5.849302056049055e-06
6.849302056049055e-06
1.5000804154396974e-06
2.588368772649119e-05
2.440703417150303e-05
5.605324537860668e-05
0.00015963314003997198
2.1331524047152328e-05
5.001132841186973e-05
5.321610374586783e-05
1.0058371024967983e-05
1.2165742857561668e-05
3.355550282080344e-05
2.7298907578909848e-05
3.1968856450959038e-05
1.1430153712410629e-05
2.2674779387443778e-05
1.165945739955987e-05
2.8180920708109625e-05
1.6127949038491352e-05
2.661919040747307e-05
3.2797739550005645e-05
4.9549602408660576e-05
4.1389122884538665e-05
1.9170187442796305e-05
2.816523556248285e-05
2.661919040747307e-05
3.2797739550005645e-05
4.827675365959294e-05
1.661919040747307e-05
2.2797739550005645e-05
7.095686305547133e-05
3.2797739550005645e-05
4.9549602408660576e-05
4.1389122884538665e-05
1.9170187442796305e-05
0.0002816523556248285
0.0002661919040747307
0.0003279773955000564
0.0005247451830655336
0.0004492685664445162
0.0001034333137795329
0.0002944885636679828
0.0009892708621919155
0.0015503827016800642
0.0030238605104386806
3.770520561374724e-05
0.0063835149630904200
0.0003838815027847886
0.0011411148589104414
0.0014573821797966957
0.0016658969223499298
5.4453859775094315e-05
0.0041226507164537917
0.0005116994725540287
0.0005035955109633505
0.0004487087426241487
0.0002203790952917190
0.0017211179947480560
0.0002914310607593506
0.0003209867281839251
0.0001325547200394794
0.0001125547200394794