0.009129737317562103
0.010811890661716461
0.008663760125637054
0.009271126240491867
0.006050621345639229
0.0029984593391418457
0.003877929225564003
0.0047255318611860275
0.005241088941693306
0.00446288138628006
0.006238500401377678
0.002970990538597107
0.00462929205968976
0.006842106115072966
0.0010497656650841236
0.005839367862790823
0.0003487038193270564
0.001114154001697898
1.3307042536325753e-05
0.00012289486767258495
0.00014433036267291754
0.0002723189245443791
0.0007538926438428462
2.8254107746761292e-05
7.904642552603036e-05
0.0015519089065492153
0.005121392197906971
0.007064722012728453
0.001038263668306172
0.007026226259768009
0.003730104863643646
0.004277641419321299
0.0033759791404008865
0.0004299235297366977
0.00199086032807827
0.008019443601369858
0.001598934829235077
0.0003681184898596257
0.007105457130819559
0.0041045378893613815
0.008544455282390118
0.0027344070840626955
0.0012185735628008842
0.0012901191366836429
0.004869434516876936
0.002143098972737789
0.0002650355454534292
6.928849325049669e-05
0.0010560768423601985
0.000529600540176034
0.0012387365568429232
0.0008832975872792304
0.00024849141482263803
2.2390395315596834e-05
1.3225302609498613e-05
0.0004063585074618459
0.002972888760268688
1.0499300515220966e-05
7.608539362990996e-06
0.00010230802581645548
5.312722350936383e-05
4.6307279262691736e-05
5.710910409106873e-05
0.0001882457290776074
6.142357051430736e-06
4.764531331602484e-05
0.0001250383647857234
0.000299645122140646
5.097455141367391e-05
2.0243849576218054e-05
0.00018366807489655912
0.00030544251785613596
0.0012254914036020637
0.00021009067131672055
0.0010544251785613596