-0.00024318695068359375
0.5696721076965332
0.6693668365478516
0.7208607196807861
0.751679003238678
0.7802404165267944
0.7930482625961304
0.8115043044090271
0.8283231258392334
0.8439739942550659
0.8052964806556702
0.8161548376083374
0.8165364265441895
0.8240441083908081
0.8266255855560303
0.7193042039871216
0.6696686744689941
0.6444500684738159
0.5947613716125488
0.5436339378356934
0.4225037693977356
0.5102275013923645
0.5973901152610779
0.6678845882415771
0.7555942535400391
0.7429749965667725
0.7899394035339355
0.8079323768615723
0.8334395885467529
0.8606882691383362
0.8554046154022217
0.8630471229553223
0.8693010807037354
0.8851540088653564
0.8999457955360413
0.88277667760849
0.8921313881874084
0.9023824334144592
0.9044491052627563
0.9124330878257751
0.9043665528297424
0.912036657333374
0.908780574798584
0.9240397214889526
0.922968864440918
0.9123161435127258
0.9179731607437134
0.9198958277702332
0.9240348935127258
0.9291088581085205
0.9208124876022339
0.9083011746406555
0.9156333804130554
0.909925103187561
0.9114404916763306
0.9017490148544312
0.9017381072044373
0.9000776410102844
0.8931199908256531
0.8954564929008484
0.8838050961494446
0.8854628205299377
0.8801393508911133
0.882022500038147
0.880622923374176
0.8678364753723145
0.869505763053894
0.8710793256759644
0.8685442805290222
0.8655954599380493
0.8607233762741089
0.8508979082107544
0.8597784042358398
0.8487664461135864
0.851184606552124
0.8326895236968994
0.8420580625534058
0.8380197882652283
