-0.004377841949462891
-0.06610119342803955
-0.12984955310821533
-0.1394423246383667
-0.1717677116394043
-0.2152496576309204
-0.23983418941497803
-0.3182576894760132
-0.2977644205093384
-0.40959155559539795
-0.40873098373413086
-0.572090744972229
-0.5182507038116455
-0.7908743619918823
-0.8867539167404175
-1.0174472332000732
-1.1133697032928467
-1.1556198596954346
-1.2686293125152588
-1.2228248119354248
-1.4038207530975342
-1.3320889472961426
-1.2470085620880127
-1.2063143253326416
-1.1468439102172852
-1.0503578186035156
-1.0006449222564697
-0.8651258945465088
-0.8432234525680542
-0.7320435047149658
-0.6646782159805298
-0.7379887104034424
-0.6871970891952515
-0.6469486951828003
-0.6474399566650391
-0.6664807796478271
-0.617595911026001
-0.6576589345932007
-0.6600762605667114
-0.6627901792526245
-0.6501232385635376
-0.7923766374588013
-0.7153979539871216
-0.6736128330230713
-0.7570027112960815
-0.7556581497192383
-0.7942783832550049
-0.892125129699707
-0.7765241861343384
-0.8880288600921631
-0.8852764368057251
-0.94966721534729
-0.8099982738494873
-0.8189626932144165
-0.8646945953369141
-0.8852905035018921
-0.7538851499557495
-0.745161771774292
-0.7201789617538452
-0.7978783845901489
-0.7428053617477417
-0.7604728937149048
-0.7296494245529175
-0.6997319459915161
-0.7085291147232056
-0.6847901344299316
-0.8323845863342285
-0.78598952293396
-0.7208242416381836
-0.7208744287490845
-0.7116297483444214
-0.6732374429702759
-0.7112439870834351
-0.7333889007568359
-0.7085889577865601
-0.6807800531387329
-0.6931443214416504
-0.710352897644043
-0.6784684658050537
-0.7226364612579346
-0.7086747884750366
-0.7530219554901123
-0.6984295845031738
-0.684019923210144
-0.6951688528060913
-0.708702564239502
-0.6806257963180542
-0.7253974676132202
-0.7086527347564697
-0.7359620332717896
-0.7012845277786255
-0.7069486379623413
-0.6731066703796387
-0.7064871788024902
-0.6654192209243774
-0.7087637186050415
-0.6444387435913086
-0.6522297859191895
-0.6985987424850464
-0.6550588607788086
-0.7157732248306274
