-0.005876421928405762
0.5925313234329224
0.6811361908912659
0.726589560508728
0.7603679895401001
0.7846934199333191
0.804146945476532
0.8210787773132324
0.8424380421638489
0.8485732078552246
0.8677046298980713
0.878511905670166
0.893708348274231
0.9085196852684021
0.920194149017334
0.9341949224472046
0.9497819542884827
0.9605546593666077
0.9740039110183716
0.9835372567176819
0.9931607246398926
0.9969756603240967
0.9984461665153503
0.9990445971488953
0.9992751479148865
0.9994400143623352
0.9995566010475159
0.9996033310890198
0.9996584057807922
0.9996936321258545
0.9997031092643738
0.9997363686561584
0.9997333884239197
0.9997616410255432
0.9997073411941528
0.9997813105583191
0.99979567527771
0.9997954368591309
0.9998074173927307
0.9998207688331604
0.9998095035552979
0.9998251795768738
0.9998201727867126
0.9998320937156677
0.9998258948326111
0.9998466372489929
0.9998471140861511
0.9998413920402527
0.9998458027839661
0.9998630285263062
0.9998499751091003
0.9970874786376953
0.994729220867157
0.9926677346229553
0.9895104765892029
0.987586498260498
0.9852690100669861
0.9827172160148621
0.9820923209190369
0.9797176122665405
0.9772322177886963
0.9769618511199951
0.9755060076713562
0.9750233888626099
0.9740961194038391
0.9733237028121948
0.9717151522636414
0.9710645079612732
0.9705852270126343
0.9692107439041138
0.9703167080879211
0.9705581665039062
0.9680860638618469
0.9661309123039246
0.9676675200462341
0.9648206233978271
0.9651950597763062
0.9654994606971741
0.9610942006111145
0.9610064029693604
0.960930585861206
0.9607488512992859
0.9560675621032715
0.9563206434249878
0.9571885466575623
0.9551202654838562
0.9578596353530884
0.9521084427833557
0.9518601298332214
0.948972225189209
0.9481606483459473
0.9474979639053345
0.944408118724823
0.9447325468063354
0.9428386688232422
0.9425974488258362
0.9388214945793152
0.9379199147224426
0.9351698756217957
0.9328725337982178
0.9358904361724854
